{
 "cells": [
  {
   "cell_type": "code",
   "execution_count": 4,
   "metadata": {},
   "outputs": [],
   "source": [
    "import numpy as np\n",
    "import pandas as pd\n",
    "from sklearn.model_selection import train_test_split\n",
    "from sklearn.preprocessing import StandardScaler\n",
    "from sklearn.preprocessing import LabelEncoder\n",
    "from sklearn import svm\n",
    "from sklearn.metrics import accuracy_score"
   ]
  },
  {
   "cell_type": "code",
   "execution_count": 5,
   "metadata": {},
   "outputs": [],
   "source": [
    "data = pd.read_csv('bank-full.csv', sep=';')"
   ]
  },
  {
   "cell_type": "code",
   "execution_count": 6,
   "metadata": {},
   "outputs": [
    {
     "data": {
      "text/html": [
       "<div>\n",
       "<style scoped>\n",
       "    .dataframe tbody tr th:only-of-type {\n",
       "        vertical-align: middle;\n",
       "    }\n",
       "\n",
       "    .dataframe tbody tr th {\n",
       "        vertical-align: top;\n",
       "    }\n",
       "\n",
       "    .dataframe thead th {\n",
       "        text-align: right;\n",
       "    }\n",
       "</style>\n",
       "<table border=\"1\" class=\"dataframe\">\n",
       "  <thead>\n",
       "    <tr style=\"text-align: right;\">\n",
       "      <th></th>\n",
       "      <th>age</th>\n",
       "      <th>job</th>\n",
       "      <th>marital</th>\n",
       "      <th>education</th>\n",
       "      <th>default</th>\n",
       "      <th>balance</th>\n",
       "      <th>housing</th>\n",
       "      <th>loan</th>\n",
       "      <th>contact</th>\n",
       "      <th>day</th>\n",
       "      <th>month</th>\n",
       "      <th>duration</th>\n",
       "      <th>campaign</th>\n",
       "      <th>pdays</th>\n",
       "      <th>previous</th>\n",
       "      <th>poutcome</th>\n",
       "      <th>y</th>\n",
       "    </tr>\n",
       "  </thead>\n",
       "  <tbody>\n",
       "    <tr>\n",
       "      <th>0</th>\n",
       "      <td>58</td>\n",
       "      <td>management</td>\n",
       "      <td>married</td>\n",
       "      <td>tertiary</td>\n",
       "      <td>no</td>\n",
       "      <td>2143</td>\n",
       "      <td>yes</td>\n",
       "      <td>no</td>\n",
       "      <td>unknown</td>\n",
       "      <td>5</td>\n",
       "      <td>may</td>\n",
       "      <td>261</td>\n",
       "      <td>1</td>\n",
       "      <td>-1</td>\n",
       "      <td>0</td>\n",
       "      <td>unknown</td>\n",
       "      <td>no</td>\n",
       "    </tr>\n",
       "    <tr>\n",
       "      <th>1</th>\n",
       "      <td>44</td>\n",
       "      <td>technician</td>\n",
       "      <td>single</td>\n",
       "      <td>secondary</td>\n",
       "      <td>no</td>\n",
       "      <td>29</td>\n",
       "      <td>yes</td>\n",
       "      <td>no</td>\n",
       "      <td>unknown</td>\n",
       "      <td>5</td>\n",
       "      <td>may</td>\n",
       "      <td>151</td>\n",
       "      <td>1</td>\n",
       "      <td>-1</td>\n",
       "      <td>0</td>\n",
       "      <td>unknown</td>\n",
       "      <td>no</td>\n",
       "    </tr>\n",
       "    <tr>\n",
       "      <th>2</th>\n",
       "      <td>33</td>\n",
       "      <td>entrepreneur</td>\n",
       "      <td>married</td>\n",
       "      <td>secondary</td>\n",
       "      <td>no</td>\n",
       "      <td>2</td>\n",
       "      <td>yes</td>\n",
       "      <td>yes</td>\n",
       "      <td>unknown</td>\n",
       "      <td>5</td>\n",
       "      <td>may</td>\n",
       "      <td>76</td>\n",
       "      <td>1</td>\n",
       "      <td>-1</td>\n",
       "      <td>0</td>\n",
       "      <td>unknown</td>\n",
       "      <td>no</td>\n",
       "    </tr>\n",
       "    <tr>\n",
       "      <th>3</th>\n",
       "      <td>47</td>\n",
       "      <td>blue-collar</td>\n",
       "      <td>married</td>\n",
       "      <td>unknown</td>\n",
       "      <td>no</td>\n",
       "      <td>1506</td>\n",
       "      <td>yes</td>\n",
       "      <td>no</td>\n",
       "      <td>unknown</td>\n",
       "      <td>5</td>\n",
       "      <td>may</td>\n",
       "      <td>92</td>\n",
       "      <td>1</td>\n",
       "      <td>-1</td>\n",
       "      <td>0</td>\n",
       "      <td>unknown</td>\n",
       "      <td>no</td>\n",
       "    </tr>\n",
       "    <tr>\n",
       "      <th>4</th>\n",
       "      <td>33</td>\n",
       "      <td>unknown</td>\n",
       "      <td>single</td>\n",
       "      <td>unknown</td>\n",
       "      <td>no</td>\n",
       "      <td>1</td>\n",
       "      <td>no</td>\n",
       "      <td>no</td>\n",
       "      <td>unknown</td>\n",
       "      <td>5</td>\n",
       "      <td>may</td>\n",
       "      <td>198</td>\n",
       "      <td>1</td>\n",
       "      <td>-1</td>\n",
       "      <td>0</td>\n",
       "      <td>unknown</td>\n",
       "      <td>no</td>\n",
       "    </tr>\n",
       "  </tbody>\n",
       "</table>\n",
       "</div>"
      ],
      "text/plain": [
       "   age           job  marital  education default  balance housing loan   \n",
       "0   58    management  married   tertiary      no     2143     yes   no  \\\n",
       "1   44    technician   single  secondary      no       29     yes   no   \n",
       "2   33  entrepreneur  married  secondary      no        2     yes  yes   \n",
       "3   47   blue-collar  married    unknown      no     1506     yes   no   \n",
       "4   33       unknown   single    unknown      no        1      no   no   \n",
       "\n",
       "   contact  day month  duration  campaign  pdays  previous poutcome   y  \n",
       "0  unknown    5   may       261         1     -1         0  unknown  no  \n",
       "1  unknown    5   may       151         1     -1         0  unknown  no  \n",
       "2  unknown    5   may        76         1     -1         0  unknown  no  \n",
       "3  unknown    5   may        92         1     -1         0  unknown  no  \n",
       "4  unknown    5   may       198         1     -1         0  unknown  no  "
      ]
     },
     "execution_count": 6,
     "metadata": {},
     "output_type": "execute_result"
    }
   ],
   "source": [
    "data.head()"
   ]
  },
  {
   "cell_type": "code",
   "execution_count": 7,
   "metadata": {},
   "outputs": [
    {
     "data": {
      "text/plain": [
       "(45211, 17)"
      ]
     },
     "execution_count": 7,
     "metadata": {},
     "output_type": "execute_result"
    }
   ],
   "source": [
    "data.shape"
   ]
  },
  {
   "cell_type": "code",
   "execution_count": 8,
   "metadata": {},
   "outputs": [
    {
     "data": {
      "text/plain": [
       "pdays\n",
       "-1      36954\n",
       " 182      167\n",
       " 92       147\n",
       " 91       126\n",
       " 183      126\n",
       "        ...  \n",
       " 449        1\n",
       " 452        1\n",
       " 648        1\n",
       " 595        1\n",
       " 530        1\n",
       "Name: count, Length: 559, dtype: int64"
      ]
     },
     "execution_count": 8,
     "metadata": {},
     "output_type": "execute_result"
    }
   ],
   "source": [
    "#data['y'].value_counts()\n",
    "data['pdays'].value_counts()"
   ]
  },
  {
   "cell_type": "code",
   "execution_count": 9,
   "metadata": {},
   "outputs": [],
   "source": [
    "data_baru=data.replace({'job':{'admin.': 0, 'blue-collar': 1, 'entrepreneur': 2, 'housemaid': 3, 'management': 4,\n",
    "'retired': 5, 'self-employed': 6, 'services': 7, 'student': 8, 'technician': 9,\n",
    "'unemployed': 10, 'unknown': 11},\n",
    "       'marital':{'divorced': 0, 'married': 1, 'single': 2},\n",
    "       'education':{'primary': 0, 'secondary': 1, 'tertiary': 2, 'unknown': 3},\n",
    "       'loan':{'no':0, 'yes':1},'y':{'no':0,'yes':1}})"
   ]
  },
  {
   "cell_type": "code",
   "execution_count": 10,
   "metadata": {},
   "outputs": [],
   "source": [
    " labelencoder = LabelEncoder()\n",
    "# data['job'] = labelencoder.fit_transform(data['job'])\n",
    "# data['marital'] = labelencoder.fit_transform(data['marital'])\n",
    "# data['education'] = labelencoder.fit_transform(data['education'])\n",
    " data_baru['default'] = labelencoder.fit_transform(data['default'])\n",
    " data_baru['housing'] = labelencoder.fit_transform(data['housing'])\n",
    "# data['loan'] = labelencoder.fit_transform(data['loan'])\n",
    " data_baru['contact'] = labelencoder.fit_transform(data['contact'])\n",
    " data_baru['month'] = labelencoder.fit_transform(data['month'])\n",
    " data_baru['poutcome'] = labelencoder.fit_transform(data['poutcome'])\n",
    "# data['y'] = labelencoder.fit_transform(data['y'])"
   ]
  },
  {
   "cell_type": "code",
   "execution_count": 11,
   "metadata": {},
   "outputs": [],
   "source": [
    "data_baru.head()\n",
    "data_baru.to_csv(\"data_baru.csv\", index=False)"
   ]
  },
  {
   "cell_type": "code",
   "execution_count": 32,
   "metadata": {},
   "outputs": [
    {
     "data": {
      "text/html": [
       "<div>\n",
       "<style scoped>\n",
       "    .dataframe tbody tr th:only-of-type {\n",
       "        vertical-align: middle;\n",
       "    }\n",
       "\n",
       "    .dataframe tbody tr th {\n",
       "        vertical-align: top;\n",
       "    }\n",
       "\n",
       "    .dataframe thead th {\n",
       "        text-align: right;\n",
       "    }\n",
       "</style>\n",
       "<table border=\"1\" class=\"dataframe\">\n",
       "  <thead>\n",
       "    <tr style=\"text-align: right;\">\n",
       "      <th></th>\n",
       "      <th>age</th>\n",
       "      <th>job</th>\n",
       "      <th>marital</th>\n",
       "      <th>education</th>\n",
       "      <th>default</th>\n",
       "      <th>balance</th>\n",
       "      <th>housing</th>\n",
       "      <th>loan</th>\n",
       "      <th>contact</th>\n",
       "      <th>day</th>\n",
       "      <th>month</th>\n",
       "      <th>duration</th>\n",
       "      <th>campaign</th>\n",
       "      <th>pdays</th>\n",
       "      <th>previous</th>\n",
       "      <th>poutcome</th>\n",
       "      <th>y</th>\n",
       "    </tr>\n",
       "  </thead>\n",
       "  <tbody>\n",
       "    <tr>\n",
       "      <th>0</th>\n",
       "      <td>58</td>\n",
       "      <td>4</td>\n",
       "      <td>1</td>\n",
       "      <td>2</td>\n",
       "      <td>0</td>\n",
       "      <td>2143</td>\n",
       "      <td>1</td>\n",
       "      <td>0</td>\n",
       "      <td>2</td>\n",
       "      <td>5</td>\n",
       "      <td>8</td>\n",
       "      <td>261</td>\n",
       "      <td>1</td>\n",
       "      <td>-1</td>\n",
       "      <td>0</td>\n",
       "      <td>3</td>\n",
       "      <td>0</td>\n",
       "    </tr>\n",
       "    <tr>\n",
       "      <th>1</th>\n",
       "      <td>44</td>\n",
       "      <td>9</td>\n",
       "      <td>2</td>\n",
       "      <td>1</td>\n",
       "      <td>0</td>\n",
       "      <td>29</td>\n",
       "      <td>1</td>\n",
       "      <td>0</td>\n",
       "      <td>2</td>\n",
       "      <td>5</td>\n",
       "      <td>8</td>\n",
       "      <td>151</td>\n",
       "      <td>1</td>\n",
       "      <td>-1</td>\n",
       "      <td>0</td>\n",
       "      <td>3</td>\n",
       "      <td>0</td>\n",
       "    </tr>\n",
       "    <tr>\n",
       "      <th>2</th>\n",
       "      <td>33</td>\n",
       "      <td>2</td>\n",
       "      <td>1</td>\n",
       "      <td>1</td>\n",
       "      <td>0</td>\n",
       "      <td>2</td>\n",
       "      <td>1</td>\n",
       "      <td>1</td>\n",
       "      <td>2</td>\n",
       "      <td>5</td>\n",
       "      <td>8</td>\n",
       "      <td>76</td>\n",
       "      <td>1</td>\n",
       "      <td>-1</td>\n",
       "      <td>0</td>\n",
       "      <td>3</td>\n",
       "      <td>0</td>\n",
       "    </tr>\n",
       "    <tr>\n",
       "      <th>3</th>\n",
       "      <td>47</td>\n",
       "      <td>1</td>\n",
       "      <td>1</td>\n",
       "      <td>3</td>\n",
       "      <td>0</td>\n",
       "      <td>1506</td>\n",
       "      <td>1</td>\n",
       "      <td>0</td>\n",
       "      <td>2</td>\n",
       "      <td>5</td>\n",
       "      <td>8</td>\n",
       "      <td>92</td>\n",
       "      <td>1</td>\n",
       "      <td>-1</td>\n",
       "      <td>0</td>\n",
       "      <td>3</td>\n",
       "      <td>0</td>\n",
       "    </tr>\n",
       "    <tr>\n",
       "      <th>4</th>\n",
       "      <td>33</td>\n",
       "      <td>11</td>\n",
       "      <td>2</td>\n",
       "      <td>3</td>\n",
       "      <td>0</td>\n",
       "      <td>1</td>\n",
       "      <td>0</td>\n",
       "      <td>0</td>\n",
       "      <td>2</td>\n",
       "      <td>5</td>\n",
       "      <td>8</td>\n",
       "      <td>198</td>\n",
       "      <td>1</td>\n",
       "      <td>-1</td>\n",
       "      <td>0</td>\n",
       "      <td>3</td>\n",
       "      <td>0</td>\n",
       "    </tr>\n",
       "    <tr>\n",
       "      <th>...</th>\n",
       "      <td>...</td>\n",
       "      <td>...</td>\n",
       "      <td>...</td>\n",
       "      <td>...</td>\n",
       "      <td>...</td>\n",
       "      <td>...</td>\n",
       "      <td>...</td>\n",
       "      <td>...</td>\n",
       "      <td>...</td>\n",
       "      <td>...</td>\n",
       "      <td>...</td>\n",
       "      <td>...</td>\n",
       "      <td>...</td>\n",
       "      <td>...</td>\n",
       "      <td>...</td>\n",
       "      <td>...</td>\n",
       "      <td>...</td>\n",
       "    </tr>\n",
       "    <tr>\n",
       "      <th>45206</th>\n",
       "      <td>51</td>\n",
       "      <td>9</td>\n",
       "      <td>1</td>\n",
       "      <td>2</td>\n",
       "      <td>0</td>\n",
       "      <td>825</td>\n",
       "      <td>0</td>\n",
       "      <td>0</td>\n",
       "      <td>0</td>\n",
       "      <td>17</td>\n",
       "      <td>9</td>\n",
       "      <td>977</td>\n",
       "      <td>3</td>\n",
       "      <td>-1</td>\n",
       "      <td>0</td>\n",
       "      <td>3</td>\n",
       "      <td>1</td>\n",
       "    </tr>\n",
       "    <tr>\n",
       "      <th>45207</th>\n",
       "      <td>71</td>\n",
       "      <td>5</td>\n",
       "      <td>0</td>\n",
       "      <td>0</td>\n",
       "      <td>0</td>\n",
       "      <td>1729</td>\n",
       "      <td>0</td>\n",
       "      <td>0</td>\n",
       "      <td>0</td>\n",
       "      <td>17</td>\n",
       "      <td>9</td>\n",
       "      <td>456</td>\n",
       "      <td>2</td>\n",
       "      <td>-1</td>\n",
       "      <td>0</td>\n",
       "      <td>3</td>\n",
       "      <td>1</td>\n",
       "    </tr>\n",
       "    <tr>\n",
       "      <th>45208</th>\n",
       "      <td>72</td>\n",
       "      <td>5</td>\n",
       "      <td>1</td>\n",
       "      <td>1</td>\n",
       "      <td>0</td>\n",
       "      <td>5715</td>\n",
       "      <td>0</td>\n",
       "      <td>0</td>\n",
       "      <td>0</td>\n",
       "      <td>17</td>\n",
       "      <td>9</td>\n",
       "      <td>1127</td>\n",
       "      <td>5</td>\n",
       "      <td>184</td>\n",
       "      <td>3</td>\n",
       "      <td>2</td>\n",
       "      <td>1</td>\n",
       "    </tr>\n",
       "    <tr>\n",
       "      <th>45209</th>\n",
       "      <td>57</td>\n",
       "      <td>1</td>\n",
       "      <td>1</td>\n",
       "      <td>1</td>\n",
       "      <td>0</td>\n",
       "      <td>668</td>\n",
       "      <td>0</td>\n",
       "      <td>0</td>\n",
       "      <td>1</td>\n",
       "      <td>17</td>\n",
       "      <td>9</td>\n",
       "      <td>508</td>\n",
       "      <td>4</td>\n",
       "      <td>-1</td>\n",
       "      <td>0</td>\n",
       "      <td>3</td>\n",
       "      <td>0</td>\n",
       "    </tr>\n",
       "    <tr>\n",
       "      <th>45210</th>\n",
       "      <td>37</td>\n",
       "      <td>2</td>\n",
       "      <td>1</td>\n",
       "      <td>1</td>\n",
       "      <td>0</td>\n",
       "      <td>2971</td>\n",
       "      <td>0</td>\n",
       "      <td>0</td>\n",
       "      <td>0</td>\n",
       "      <td>17</td>\n",
       "      <td>9</td>\n",
       "      <td>361</td>\n",
       "      <td>2</td>\n",
       "      <td>188</td>\n",
       "      <td>11</td>\n",
       "      <td>1</td>\n",
       "      <td>0</td>\n",
       "    </tr>\n",
       "  </tbody>\n",
       "</table>\n",
       "<p>45211 rows × 17 columns</p>\n",
       "</div>"
      ],
      "text/plain": [
       "       age  job  marital  education  default  balance  housing  loan  contact   \n",
       "0       58    4        1          2        0     2143        1     0        2  \\\n",
       "1       44    9        2          1        0       29        1     0        2   \n",
       "2       33    2        1          1        0        2        1     1        2   \n",
       "3       47    1        1          3        0     1506        1     0        2   \n",
       "4       33   11        2          3        0        1        0     0        2   \n",
       "...    ...  ...      ...        ...      ...      ...      ...   ...      ...   \n",
       "45206   51    9        1          2        0      825        0     0        0   \n",
       "45207   71    5        0          0        0     1729        0     0        0   \n",
       "45208   72    5        1          1        0     5715        0     0        0   \n",
       "45209   57    1        1          1        0      668        0     0        1   \n",
       "45210   37    2        1          1        0     2971        0     0        0   \n",
       "\n",
       "       day  month  duration  campaign  pdays  previous  poutcome  y  \n",
       "0        5      8       261         1     -1         0         3  0  \n",
       "1        5      8       151         1     -1         0         3  0  \n",
       "2        5      8        76         1     -1         0         3  0  \n",
       "3        5      8        92         1     -1         0         3  0  \n",
       "4        5      8       198         1     -1         0         3  0  \n",
       "...    ...    ...       ...       ...    ...       ...       ... ..  \n",
       "45206   17      9       977         3     -1         0         3  1  \n",
       "45207   17      9       456         2     -1         0         3  1  \n",
       "45208   17      9      1127         5    184         3         2  1  \n",
       "45209   17      9       508         4     -1         0         3  0  \n",
       "45210   17      9       361         2    188        11         1  0  \n",
       "\n",
       "[45211 rows x 17 columns]"
      ]
     },
     "execution_count": 32,
     "metadata": {},
     "output_type": "execute_result"
    }
   ],
   "source": [
    "db= pd.read_csv('data_baru.csv', sep=',')\n",
    "db"
   ]
  },
  {
   "cell_type": "code",
   "execution_count": 12,
   "metadata": {},
   "outputs": [],
   "source": [
    "from scipy.stats import pearsonr, spearmanr\n",
    "\n",
    "# Drop columns that are not needed for correlation analysis\n",
    "data_baru = data_baru.drop(['duration'], axis=1)\n",
    "\n",
    "# Calculate Pearson correlation and p-value for all numeric columns\n",
    "pearson_corr = data_baru.corr(method='pearson')\n",
    "pearson_pval = data_baru.corr(method=lambda x, y: pearsonr(x, y)[1])[['y']][:-1]"
   ]
  },
  {
   "cell_type": "code",
   "execution_count": 13,
   "metadata": {},
   "outputs": [
    {
     "data": {
      "text/html": [
       "<div>\n",
       "<style scoped>\n",
       "    .dataframe tbody tr th:only-of-type {\n",
       "        vertical-align: middle;\n",
       "    }\n",
       "\n",
       "    .dataframe tbody tr th {\n",
       "        vertical-align: top;\n",
       "    }\n",
       "\n",
       "    .dataframe thead th {\n",
       "        text-align: right;\n",
       "    }\n",
       "</style>\n",
       "<table border=\"1\" class=\"dataframe\">\n",
       "  <thead>\n",
       "    <tr style=\"text-align: right;\">\n",
       "      <th></th>\n",
       "      <th>age</th>\n",
       "      <th>job</th>\n",
       "      <th>marital</th>\n",
       "      <th>education</th>\n",
       "      <th>default</th>\n",
       "      <th>balance</th>\n",
       "      <th>housing</th>\n",
       "      <th>loan</th>\n",
       "      <th>contact</th>\n",
       "      <th>day</th>\n",
       "      <th>month</th>\n",
       "      <th>campaign</th>\n",
       "      <th>pdays</th>\n",
       "      <th>previous</th>\n",
       "      <th>poutcome</th>\n",
       "      <th>y</th>\n",
       "    </tr>\n",
       "  </thead>\n",
       "  <tbody>\n",
       "    <tr>\n",
       "      <th>age</th>\n",
       "      <td>1.000000</td>\n",
       "      <td>-0.021868</td>\n",
       "      <td>-0.403240</td>\n",
       "      <td>-0.106807</td>\n",
       "      <td>-0.017879</td>\n",
       "      <td>0.097783</td>\n",
       "      <td>-0.185513</td>\n",
       "      <td>-0.015655</td>\n",
       "      <td>0.026221</td>\n",
       "      <td>-0.009120</td>\n",
       "      <td>-0.042357</td>\n",
       "      <td>0.004760</td>\n",
       "      <td>-0.023758</td>\n",
       "      <td>0.001288</td>\n",
       "      <td>0.007367</td>\n",
       "      <td>0.025155</td>\n",
       "    </tr>\n",
       "    <tr>\n",
       "      <th>job</th>\n",
       "      <td>-0.021868</td>\n",
       "      <td>1.000000</td>\n",
       "      <td>0.062045</td>\n",
       "      <td>0.166707</td>\n",
       "      <td>-0.006853</td>\n",
       "      <td>0.018232</td>\n",
       "      <td>-0.125363</td>\n",
       "      <td>-0.033004</td>\n",
       "      <td>-0.082063</td>\n",
       "      <td>0.022856</td>\n",
       "      <td>-0.092870</td>\n",
       "      <td>0.006839</td>\n",
       "      <td>-0.024455</td>\n",
       "      <td>-0.000911</td>\n",
       "      <td>0.011010</td>\n",
       "      <td>0.040438</td>\n",
       "    </tr>\n",
       "    <tr>\n",
       "      <th>marital</th>\n",
       "      <td>-0.403240</td>\n",
       "      <td>0.062045</td>\n",
       "      <td>1.000000</td>\n",
       "      <td>0.108576</td>\n",
       "      <td>-0.007023</td>\n",
       "      <td>0.002122</td>\n",
       "      <td>-0.016096</td>\n",
       "      <td>-0.046893</td>\n",
       "      <td>-0.039201</td>\n",
       "      <td>-0.005261</td>\n",
       "      <td>-0.006991</td>\n",
       "      <td>-0.008994</td>\n",
       "      <td>0.019172</td>\n",
       "      <td>0.014973</td>\n",
       "      <td>-0.016850</td>\n",
       "      <td>0.045588</td>\n",
       "    </tr>\n",
       "    <tr>\n",
       "      <th>education</th>\n",
       "      <td>-0.106807</td>\n",
       "      <td>0.166707</td>\n",
       "      <td>0.108576</td>\n",
       "      <td>1.000000</td>\n",
       "      <td>-0.010718</td>\n",
       "      <td>0.064514</td>\n",
       "      <td>-0.090790</td>\n",
       "      <td>-0.048574</td>\n",
       "      <td>-0.110928</td>\n",
       "      <td>0.022671</td>\n",
       "      <td>-0.057304</td>\n",
       "      <td>0.006255</td>\n",
       "      <td>0.000052</td>\n",
       "      <td>0.017570</td>\n",
       "      <td>-0.019361</td>\n",
       "      <td>0.066241</td>\n",
       "    </tr>\n",
       "    <tr>\n",
       "      <th>default</th>\n",
       "      <td>-0.017879</td>\n",
       "      <td>-0.006853</td>\n",
       "      <td>-0.007023</td>\n",
       "      <td>-0.010718</td>\n",
       "      <td>1.000000</td>\n",
       "      <td>-0.066745</td>\n",
       "      <td>-0.006025</td>\n",
       "      <td>0.077234</td>\n",
       "      <td>0.015404</td>\n",
       "      <td>0.009424</td>\n",
       "      <td>0.011486</td>\n",
       "      <td>0.016822</td>\n",
       "      <td>-0.029979</td>\n",
       "      <td>-0.018329</td>\n",
       "      <td>0.034898</td>\n",
       "      <td>-0.022419</td>\n",
       "    </tr>\n",
       "    <tr>\n",
       "      <th>balance</th>\n",
       "      <td>0.097783</td>\n",
       "      <td>0.018232</td>\n",
       "      <td>0.002122</td>\n",
       "      <td>0.064514</td>\n",
       "      <td>-0.066745</td>\n",
       "      <td>1.000000</td>\n",
       "      <td>-0.068768</td>\n",
       "      <td>-0.084350</td>\n",
       "      <td>-0.027273</td>\n",
       "      <td>0.004503</td>\n",
       "      <td>0.019777</td>\n",
       "      <td>-0.014578</td>\n",
       "      <td>0.003435</td>\n",
       "      <td>0.016674</td>\n",
       "      <td>-0.020967</td>\n",
       "      <td>0.052838</td>\n",
       "    </tr>\n",
       "    <tr>\n",
       "      <th>housing</th>\n",
       "      <td>-0.185513</td>\n",
       "      <td>-0.125363</td>\n",
       "      <td>-0.016096</td>\n",
       "      <td>-0.090790</td>\n",
       "      <td>-0.006025</td>\n",
       "      <td>-0.068768</td>\n",
       "      <td>1.000000</td>\n",
       "      <td>0.041323</td>\n",
       "      <td>0.188123</td>\n",
       "      <td>-0.027982</td>\n",
       "      <td>0.271481</td>\n",
       "      <td>-0.023599</td>\n",
       "      <td>0.124178</td>\n",
       "      <td>0.037076</td>\n",
       "      <td>-0.099971</td>\n",
       "      <td>-0.139173</td>\n",
       "    </tr>\n",
       "    <tr>\n",
       "      <th>loan</th>\n",
       "      <td>-0.015655</td>\n",
       "      <td>-0.033004</td>\n",
       "      <td>-0.046893</td>\n",
       "      <td>-0.048574</td>\n",
       "      <td>0.077234</td>\n",
       "      <td>-0.084350</td>\n",
       "      <td>0.041323</td>\n",
       "      <td>1.000000</td>\n",
       "      <td>-0.010873</td>\n",
       "      <td>0.011370</td>\n",
       "      <td>0.022145</td>\n",
       "      <td>0.009980</td>\n",
       "      <td>-0.022754</td>\n",
       "      <td>-0.011043</td>\n",
       "      <td>0.015458</td>\n",
       "      <td>-0.068185</td>\n",
       "    </tr>\n",
       "    <tr>\n",
       "      <th>contact</th>\n",
       "      <td>0.026221</td>\n",
       "      <td>-0.082063</td>\n",
       "      <td>-0.039201</td>\n",
       "      <td>-0.110928</td>\n",
       "      <td>0.015404</td>\n",
       "      <td>-0.027273</td>\n",
       "      <td>0.188123</td>\n",
       "      <td>-0.010873</td>\n",
       "      <td>1.000000</td>\n",
       "      <td>-0.027936</td>\n",
       "      <td>0.361145</td>\n",
       "      <td>0.019614</td>\n",
       "      <td>-0.244816</td>\n",
       "      <td>-0.147811</td>\n",
       "      <td>0.272214</td>\n",
       "      <td>-0.148395</td>\n",
       "    </tr>\n",
       "    <tr>\n",
       "      <th>day</th>\n",
       "      <td>-0.009120</td>\n",
       "      <td>0.022856</td>\n",
       "      <td>-0.005261</td>\n",
       "      <td>0.022671</td>\n",
       "      <td>0.009424</td>\n",
       "      <td>0.004503</td>\n",
       "      <td>-0.027982</td>\n",
       "      <td>0.011370</td>\n",
       "      <td>-0.027936</td>\n",
       "      <td>1.000000</td>\n",
       "      <td>-0.006028</td>\n",
       "      <td>0.162490</td>\n",
       "      <td>-0.093044</td>\n",
       "      <td>-0.051710</td>\n",
       "      <td>0.083460</td>\n",
       "      <td>-0.028348</td>\n",
       "    </tr>\n",
       "    <tr>\n",
       "      <th>month</th>\n",
       "      <td>-0.042357</td>\n",
       "      <td>-0.092870</td>\n",
       "      <td>-0.006991</td>\n",
       "      <td>-0.057304</td>\n",
       "      <td>0.011486</td>\n",
       "      <td>0.019777</td>\n",
       "      <td>0.271481</td>\n",
       "      <td>0.022145</td>\n",
       "      <td>0.361145</td>\n",
       "      <td>-0.006028</td>\n",
       "      <td>1.000000</td>\n",
       "      <td>-0.110031</td>\n",
       "      <td>0.033065</td>\n",
       "      <td>0.022727</td>\n",
       "      <td>-0.033038</td>\n",
       "      <td>-0.024471</td>\n",
       "    </tr>\n",
       "    <tr>\n",
       "      <th>campaign</th>\n",
       "      <td>0.004760</td>\n",
       "      <td>0.006839</td>\n",
       "      <td>-0.008994</td>\n",
       "      <td>0.006255</td>\n",
       "      <td>0.016822</td>\n",
       "      <td>-0.014578</td>\n",
       "      <td>-0.023599</td>\n",
       "      <td>0.009980</td>\n",
       "      <td>0.019614</td>\n",
       "      <td>0.162490</td>\n",
       "      <td>-0.110031</td>\n",
       "      <td>1.000000</td>\n",
       "      <td>-0.088628</td>\n",
       "      <td>-0.032855</td>\n",
       "      <td>0.101588</td>\n",
       "      <td>-0.073172</td>\n",
       "    </tr>\n",
       "    <tr>\n",
       "      <th>pdays</th>\n",
       "      <td>-0.023758</td>\n",
       "      <td>-0.024455</td>\n",
       "      <td>0.019172</td>\n",
       "      <td>0.000052</td>\n",
       "      <td>-0.029979</td>\n",
       "      <td>0.003435</td>\n",
       "      <td>0.124178</td>\n",
       "      <td>-0.022754</td>\n",
       "      <td>-0.244816</td>\n",
       "      <td>-0.093044</td>\n",
       "      <td>0.033065</td>\n",
       "      <td>-0.088628</td>\n",
       "      <td>1.000000</td>\n",
       "      <td>0.454820</td>\n",
       "      <td>-0.858362</td>\n",
       "      <td>0.103621</td>\n",
       "    </tr>\n",
       "    <tr>\n",
       "      <th>previous</th>\n",
       "      <td>0.001288</td>\n",
       "      <td>-0.000911</td>\n",
       "      <td>0.014973</td>\n",
       "      <td>0.017570</td>\n",
       "      <td>-0.018329</td>\n",
       "      <td>0.016674</td>\n",
       "      <td>0.037076</td>\n",
       "      <td>-0.011043</td>\n",
       "      <td>-0.147811</td>\n",
       "      <td>-0.051710</td>\n",
       "      <td>0.022727</td>\n",
       "      <td>-0.032855</td>\n",
       "      <td>0.454820</td>\n",
       "      <td>1.000000</td>\n",
       "      <td>-0.489752</td>\n",
       "      <td>0.093236</td>\n",
       "    </tr>\n",
       "    <tr>\n",
       "      <th>poutcome</th>\n",
       "      <td>0.007367</td>\n",
       "      <td>0.011010</td>\n",
       "      <td>-0.016850</td>\n",
       "      <td>-0.019361</td>\n",
       "      <td>0.034898</td>\n",
       "      <td>-0.020967</td>\n",
       "      <td>-0.099971</td>\n",
       "      <td>0.015458</td>\n",
       "      <td>0.272214</td>\n",
       "      <td>0.083460</td>\n",
       "      <td>-0.033038</td>\n",
       "      <td>0.101588</td>\n",
       "      <td>-0.858362</td>\n",
       "      <td>-0.489752</td>\n",
       "      <td>1.000000</td>\n",
       "      <td>-0.077840</td>\n",
       "    </tr>\n",
       "    <tr>\n",
       "      <th>y</th>\n",
       "      <td>0.025155</td>\n",
       "      <td>0.040438</td>\n",
       "      <td>0.045588</td>\n",
       "      <td>0.066241</td>\n",
       "      <td>-0.022419</td>\n",
       "      <td>0.052838</td>\n",
       "      <td>-0.139173</td>\n",
       "      <td>-0.068185</td>\n",
       "      <td>-0.148395</td>\n",
       "      <td>-0.028348</td>\n",
       "      <td>-0.024471</td>\n",
       "      <td>-0.073172</td>\n",
       "      <td>0.103621</td>\n",
       "      <td>0.093236</td>\n",
       "      <td>-0.077840</td>\n",
       "      <td>1.000000</td>\n",
       "    </tr>\n",
       "  </tbody>\n",
       "</table>\n",
       "</div>"
      ],
      "text/plain": [
       "                age       job   marital  education   default   balance   \n",
       "age        1.000000 -0.021868 -0.403240  -0.106807 -0.017879  0.097783  \\\n",
       "job       -0.021868  1.000000  0.062045   0.166707 -0.006853  0.018232   \n",
       "marital   -0.403240  0.062045  1.000000   0.108576 -0.007023  0.002122   \n",
       "education -0.106807  0.166707  0.108576   1.000000 -0.010718  0.064514   \n",
       "default   -0.017879 -0.006853 -0.007023  -0.010718  1.000000 -0.066745   \n",
       "balance    0.097783  0.018232  0.002122   0.064514 -0.066745  1.000000   \n",
       "housing   -0.185513 -0.125363 -0.016096  -0.090790 -0.006025 -0.068768   \n",
       "loan      -0.015655 -0.033004 -0.046893  -0.048574  0.077234 -0.084350   \n",
       "contact    0.026221 -0.082063 -0.039201  -0.110928  0.015404 -0.027273   \n",
       "day       -0.009120  0.022856 -0.005261   0.022671  0.009424  0.004503   \n",
       "month     -0.042357 -0.092870 -0.006991  -0.057304  0.011486  0.019777   \n",
       "campaign   0.004760  0.006839 -0.008994   0.006255  0.016822 -0.014578   \n",
       "pdays     -0.023758 -0.024455  0.019172   0.000052 -0.029979  0.003435   \n",
       "previous   0.001288 -0.000911  0.014973   0.017570 -0.018329  0.016674   \n",
       "poutcome   0.007367  0.011010 -0.016850  -0.019361  0.034898 -0.020967   \n",
       "y          0.025155  0.040438  0.045588   0.066241 -0.022419  0.052838   \n",
       "\n",
       "            housing      loan   contact       day     month  campaign   \n",
       "age       -0.185513 -0.015655  0.026221 -0.009120 -0.042357  0.004760  \\\n",
       "job       -0.125363 -0.033004 -0.082063  0.022856 -0.092870  0.006839   \n",
       "marital   -0.016096 -0.046893 -0.039201 -0.005261 -0.006991 -0.008994   \n",
       "education -0.090790 -0.048574 -0.110928  0.022671 -0.057304  0.006255   \n",
       "default   -0.006025  0.077234  0.015404  0.009424  0.011486  0.016822   \n",
       "balance   -0.068768 -0.084350 -0.027273  0.004503  0.019777 -0.014578   \n",
       "housing    1.000000  0.041323  0.188123 -0.027982  0.271481 -0.023599   \n",
       "loan       0.041323  1.000000 -0.010873  0.011370  0.022145  0.009980   \n",
       "contact    0.188123 -0.010873  1.000000 -0.027936  0.361145  0.019614   \n",
       "day       -0.027982  0.011370 -0.027936  1.000000 -0.006028  0.162490   \n",
       "month      0.271481  0.022145  0.361145 -0.006028  1.000000 -0.110031   \n",
       "campaign  -0.023599  0.009980  0.019614  0.162490 -0.110031  1.000000   \n",
       "pdays      0.124178 -0.022754 -0.244816 -0.093044  0.033065 -0.088628   \n",
       "previous   0.037076 -0.011043 -0.147811 -0.051710  0.022727 -0.032855   \n",
       "poutcome  -0.099971  0.015458  0.272214  0.083460 -0.033038  0.101588   \n",
       "y         -0.139173 -0.068185 -0.148395 -0.028348 -0.024471 -0.073172   \n",
       "\n",
       "              pdays  previous  poutcome         y  \n",
       "age       -0.023758  0.001288  0.007367  0.025155  \n",
       "job       -0.024455 -0.000911  0.011010  0.040438  \n",
       "marital    0.019172  0.014973 -0.016850  0.045588  \n",
       "education  0.000052  0.017570 -0.019361  0.066241  \n",
       "default   -0.029979 -0.018329  0.034898 -0.022419  \n",
       "balance    0.003435  0.016674 -0.020967  0.052838  \n",
       "housing    0.124178  0.037076 -0.099971 -0.139173  \n",
       "loan      -0.022754 -0.011043  0.015458 -0.068185  \n",
       "contact   -0.244816 -0.147811  0.272214 -0.148395  \n",
       "day       -0.093044 -0.051710  0.083460 -0.028348  \n",
       "month      0.033065  0.022727 -0.033038 -0.024471  \n",
       "campaign  -0.088628 -0.032855  0.101588 -0.073172  \n",
       "pdays      1.000000  0.454820 -0.858362  0.103621  \n",
       "previous   0.454820  1.000000 -0.489752  0.093236  \n",
       "poutcome  -0.858362 -0.489752  1.000000 -0.077840  \n",
       "y          0.103621  0.093236 -0.077840  1.000000  "
      ]
     },
     "execution_count": 13,
     "metadata": {},
     "output_type": "execute_result"
    }
   ],
   "source": [
    "pearson_corr"
   ]
  },
  {
   "cell_type": "code",
   "execution_count": 14,
   "metadata": {},
   "outputs": [],
   "source": [
    "x1 = data_baru[['age', 'job', 'marital', 'education', 'balance', 'pdays', 'previous', 'loan']]\n",
    "x = data_baru[['age', 'job', 'marital', 'education', 'balance', 'pdays', 'previous', 'loan']]\n",
    "y = data_baru['y']"
   ]
  },
  {
   "cell_type": "code",
   "execution_count": 15,
   "metadata": {},
   "outputs": [],
   "source": [
    "scaler = StandardScaler()\n",
    "scaler.fit(x)\n",
    "stadarized_data = scaler.transform(x)"
   ]
  },
  {
   "cell_type": "code",
   "execution_count": 16,
   "metadata": {},
   "outputs": [],
   "source": [
    "x=stadarized_data\n",
    "y=data_baru['y']"
   ]
  },
  {
   "cell_type": "code",
   "execution_count": null,
   "metadata": {},
   "outputs": [],
   "source": []
  },
  {
   "cell_type": "code",
   "execution_count": 17,
   "metadata": {},
   "outputs": [
    {
     "name": "stdout",
     "output_type": "stream",
     "text": [
      "[[ 1.60696496 -0.10381968 -0.27576178 ... -0.41145311 -0.25194037\n",
      "  -0.43680347]\n",
      " [ 0.28852927  1.42400783  1.3683719  ... -0.41145311 -0.25194037\n",
      "  -0.43680347]\n",
      " [-0.74738448 -0.71495069 -0.27576178 ... -0.41145311 -0.25194037\n",
      "   2.2893591 ]\n",
      " ...\n",
      " [ 2.92540065  0.20174582 -0.27576178 ...  1.43618859  1.05047333\n",
      "  -0.43680347]\n",
      " [ 1.51279098 -1.02051619 -0.27576178 ... -0.41145311 -0.25194037\n",
      "  -0.43680347]\n",
      " [-0.37068857 -0.71495069 -0.27576178 ...  1.4761376   4.52357654\n",
      "  -0.43680347]]\n",
      "0        0\n",
      "1        0\n",
      "2        0\n",
      "3        0\n",
      "4        0\n",
      "        ..\n",
      "45206    1\n",
      "45207    1\n",
      "45208    1\n",
      "45209    0\n",
      "45210    0\n",
      "Name: y, Length: 45211, dtype: int64\n"
     ]
    }
   ],
   "source": [
    "print(x)\n",
    "print(y)"
   ]
  },
  {
   "cell_type": "code",
   "execution_count": 18,
   "metadata": {},
   "outputs": [],
   "source": [
    "X_train, X_test, y_train, y_test = train_test_split(x, y, test_size=0.2, stratify=y, random_state=42)"
   ]
  },
  {
   "cell_type": "code",
   "execution_count": 19,
   "metadata": {},
   "outputs": [],
   "source": [
    "from sklearn.ensemble import RandomForestClassifier\n",
    "clf = RandomForestClassifier(n_estimators=100, max_depth=10, max_features=5, random_state=45)"
   ]
  },
  {
   "cell_type": "code",
   "execution_count": 20,
   "metadata": {},
   "outputs": [
    {
     "data": {
      "text/html": [
